# Game Level Exporter v1.0
CAMERA
Camera
<Matrix 4x4 (  0.4350,  0.0642, -0.8981, 0.0000)
            (  0.2649,  0.9442,  0.1958, 0.0000)
            (  0.8605, -0.3231,  0.3937, 0.0000)
            (-26.1813,  8.2990, -0.1930, 1.0000)>
MESH
ModularFloor.479
<Matrix 4x4 ( 2.0000,  0.0000,  0.0000, 0.0000)
            ( 0.0000,  2.0000, -0.0000, 0.0000)
            ( 0.0000,  0.0000,  2.0000, 0.0000)
            (-3.8571, -0.0000, -3.9885, 1.0000)>
MESH
ModularFloor.001
<Matrix 4x4 ( 2.0000,  0.0000,  0.0000, 0.0000)
            ( 0.0000,  2.0000, -0.0000, 0.0000)
            ( 0.0000,  0.0000,  2.0000, 0.0000)
            (-3.8571, -0.0000, -0.0667, 1.0000)>
MESH
ModularFloor.002
<Matrix 4x4 (2.0000,  0.0000,  0.0000, 0.0000)
            (0.0000,  2.0000, -0.0000, 0.0000)
            (0.0000,  0.0000,  2.0000, 0.0000)
            (0.1230, -0.0000, -3.9885, 1.0000)>
MESH
ModularFloor.003
<Matrix 4x4 (2.0000,  0.0000,  0.0000, 0.0000)
            (0.0000,  2.0000, -0.0000, 0.0000)
            (0.0000,  0.0000,  2.0000, 0.0000)
            (0.1230, -0.0000, -0.0667, 1.0000)>
MESH
ModularFloor.004
<Matrix 4x4 (2.0000,  0.0000,  0.0000, 0.0000)
            (0.0000,  2.0000, -0.0000, 0.0000)
            (0.0000,  0.0000,  2.0000, 0.0000)
            (0.1230, -0.0000,  3.8862, 1.0000)>
MESH
ModularFloor.005
<Matrix 4x4 ( 2.0000,  0.0000,  0.0000, 0.0000)
            ( 0.0000,  2.0000, -0.0000, 0.0000)
            ( 0.0000,  0.0000,  2.0000, 0.0000)
            (-3.8571, -0.0000,  3.8862, 1.0000)>
MESH
ModularFloor.006
<Matrix 4x4 (2.0000,  0.0000,  0.0000, 0.0000)
            (0.0000,  2.0000, -0.0000, 0.0000)
            (0.0000,  0.0000,  2.0000, 0.0000)
            (4.1002, -0.0000,  3.8862, 1.0000)>
MESH
ModularFloor.007
<Matrix 4x4 (2.0000,  0.0000,  0.0000, 0.0000)
            (0.0000,  2.0000, -0.0000, 0.0000)
            (0.0000,  0.0000,  2.0000, 0.0000)
            (4.1002, -0.0000, -0.0667, 1.0000)>
MESH
ModularFloor.008
<Matrix 4x4 (2.0000,  0.0000,  0.0000, 0.0000)
            (0.0000,  2.0000, -0.0000, 0.0000)
            (0.0000,  0.0000,  2.0000, 0.0000)
            (4.1002, -0.0000, -3.9885, 1.0000)>
MESH
Bars
<Matrix 4x4 (2.0000, 0.0000,  0.0000, 0.0000)
            (0.0000, 2.0000, -0.0000, 0.0000)
            (0.0000, 0.0000,  2.0000, 0.0000)
            (5.8717, 2.0285,  0.0154, 1.0000)>
MESH
Carpet
<Matrix 4x4 (2.0000, 0.0000,  0.0000, 0.0000)
            (0.0000, 2.0000, -0.0000, 0.0000)
            (0.0000, 0.0000,  2.0000, 0.0000)
            (0.0515, 0.4241,  5.6249, 1.0000)>
MESH
ModularFloor.009
<Matrix 4x4 (2.0000,  0.0000,  0.0000, 0.0000)
            (0.0000,  2.0000, -0.0000, 0.0000)
            (0.0000,  0.0000,  2.0000, 0.0000)
            (4.1002, -0.0000,  7.8177, 1.0000)>
MESH
ModularFloor.010
<Matrix 4x4 ( 2.0000,  0.0000,  0.0000, 0.0000)
            ( 0.0000,  2.0000, -0.0000, 0.0000)
            ( 0.0000,  0.0000,  2.0000, 0.0000)
            (-3.8571, -0.0000,  7.8177, 1.0000)>
MESH
ModularFloor.011
<Matrix 4x4 (2.0000,  0.0000,  0.0000, 0.0000)
            (0.0000,  2.0000, -0.0000, 0.0000)
            (0.0000,  0.0000,  2.0000, 0.0000)
            (0.1230, -0.0000,  7.8177, 1.0000)>
MESH
ModularFloor.012
<Matrix 4x4 ( 2.0000,  0.0000,  0.0000, 0.0000)
            ( 0.0000,  2.0000, -0.0000, 0.0000)
            ( 0.0000,  0.0000,  2.0000, 0.0000)
            (-3.8571, -0.0000, -7.9492, 1.0000)>
MESH
ModularFloor.013
<Matrix 4x4 (2.0000,  0.0000,  0.0000, 0.0000)
            (0.0000,  2.0000, -0.0000, 0.0000)
            (0.0000,  0.0000,  2.0000, 0.0000)
            (4.1002, -0.0000, -7.9492, 1.0000)>
MESH
ModularFloor.014
<Matrix 4x4 (2.0000,  0.0000,  0.0000, 0.0000)
            (0.0000,  2.0000, -0.0000, 0.0000)
            (0.0000,  0.0000,  2.0000, 0.0000)
            (0.1230, -0.0000, -7.9492, 1.0000)>
MESH
Chest_gold
<Matrix 4x4 (-0.0067, 0.0000, -2.0000, 0.0000)
            (-0.0000, 2.0000,  0.0000, 0.0000)
            ( 2.0000, 0.0000, -0.0067, 0.0000)
            ( 0.1244, 1.5621, 10.0916, 1.0000)>
MESH
ModularFloor.015
<Matrix 4x4 (2.0000,  0.0000,  0.0000, 0.0000)
            (0.0000,  2.0000, -0.0000, 0.0000)
            (0.0000,  0.0000,  2.0000, 0.0000)
            (0.1230, -0.0000, 11.7740, 1.0000)>
MESH
ModularFloor.016
<Matrix 4x4 ( 2.0000,  0.0000,  0.0000, 0.0000)
            ( 0.0000,  2.0000, -0.0000, 0.0000)
            ( 0.0000,  0.0000,  2.0000, 0.0000)
            (-3.8571, -0.0000, 11.7740, 1.0000)>
MESH
ModularFloor.017
<Matrix 4x4 (2.0000,  0.0000,  0.0000, 0.0000)
            (0.0000,  2.0000, -0.0000, 0.0000)
            (0.0000,  0.0000,  2.0000, 0.0000)
            (4.1002, -0.0000, 11.7740, 1.0000)>
MESH
ModularStoneWall
<Matrix 4x4 (-2.0000, 0.0000, -0.0084, 0.0000)
            (-0.0000, 2.0000,  0.0000, 0.0000)
            ( 0.0084, 0.0000, -2.0000, 0.0000)
            ( 5.7052, 2.4455, 11.6560, 1.0000)>
MESH
Bones
<Matrix 4x4 ( 0.7694, 0.0000, -1.2877, 0.0000)
            (-0.0000, 1.5000, -0.0000, 0.0000)
            ( 1.2877, 0.0000,  0.7694, 0.0000)
            (-3.5796, 0.7153,  7.3318, 1.0000)>
MESH
Column
<Matrix 4x4 ( 1.0000, 0.0000,  0.0000, 0.0000)
            ( 0.0000, 1.0000, -0.0000, 0.0000)
            ( 0.0000, 0.0000,  1.0000, 0.0000)
            (-4.1732, 2.5965,  3.4450, 1.0000)>
MESH
Bars.003
<Matrix 4x4 (2.0000, 0.0000,  0.0000, 0.0000)
            (0.0000, 2.0000, -0.0000, 0.0000)
            (0.0000, 0.0000,  2.0000, 0.0000)
            (5.8717, 2.0285,  6.1843, 1.0000)>
MESH
Column_Broken
<Matrix 4x4 ( 1.0000, 0.0000,  0.0000, 0.0000)
            ( 0.0000, 1.0000, -0.0000, 0.0000)
            ( 0.0000, 0.0000,  1.0000, 0.0000)
            (-3.3104, 0.9274, -5.7888, 1.0000)>
MESH
Entrance.001
<Matrix 4x4 (2.0000, 0.0000,  0.0000, 0.0000)
            (0.0000, 2.0000, -0.0000, 0.0000)
            (0.0000, 0.0000,  2.0000, 0.0000)
            (5.8057, 3.5533, -3.2187, 1.0000)>
MESH
Bars.006
<Matrix 4x4 (2.0000, 0.0000,  0.0000, 0.0000)
            (0.0000, 2.0000, -0.0000, 0.0000)
            (0.0000, 0.0000,  2.0000, 0.0000)
            (5.8717, 2.0285,  9.2602, 1.0000)>
MESH
Bars.001
<Matrix 4x4 (2.0000, 0.0000,  0.0000, 0.0000)
            (0.0000, 2.0000, -0.0000, 0.0000)
            (0.0000, 0.0000,  2.0000, 0.0000)
            (5.8717, 2.0285, -6.4507, 1.0000)>
MESH
Bars.002
<Matrix 4x4 (2.0000, 0.0000,  0.0000, 0.0000)
            (0.0000, 2.0000, -0.0000, 0.0000)
            (0.0000, 0.0000,  2.0000, 0.0000)
            (5.8717, 2.0285,  3.1023, 1.0000)>
MESH
Barrel
<Matrix 4x4 (2.0000, 0.0000,  0.0000, 0.0000)
            (0.0000, 2.0000, -0.0000, 0.0000)
            (0.0000, 0.0000,  2.0000, 0.0000)
            (3.5942, 1.6045,  5.0890, 1.0000)>
MESH
Book_Open
<Matrix 4x4 ( 1.1025, 0.0000,  0.5890, 0.0000)
            ( 0.0000, 1.2500, -0.0000, 0.0000)
            (-0.5890, 0.0000,  1.1025, 0.0000)
            ( 3.5696, 2.8655,  5.1455, 1.0000)>
MESH
Bones2
<Matrix 4x4 (1.0000, 0.0000,  0.0000, 0.0000)
            (0.0000, 1.0000, -0.0000, 0.0000)
            (0.0000, 0.0000,  1.0000, 0.0000)
            (0.9667, 0.7601,  1.5499, 1.0000)>
MESH
ModularFloor.018
<Matrix 4x4 (2.0000,  0.0000,   0.0000, 0.0000)
            (0.0000,  2.0000,  -0.0000, 0.0000)
            (0.0000,  0.0000,   2.0000, 0.0000)
            (0.1230, -0.0000, -11.9882, 1.0000)>
MESH
ModularFloor.019
<Matrix 4x4 (2.0000,  0.0000,   0.0000, 0.0000)
            (0.0000,  2.0000,  -0.0000, 0.0000)
            (0.0000,  0.0000,   2.0000, 0.0000)
            (4.1002, -0.0000, -11.9882, 1.0000)>
MESH
ModularFloor.020
<Matrix 4x4 ( 2.0000,  0.0000,   0.0000, 0.0000)
            ( 0.0000,  2.0000,  -0.0000, 0.0000)
            ( 0.0000,  0.0000,   2.0000, 0.0000)
            (-3.8571, -0.0000, -11.9882, 1.0000)>
MESH
ModularStoneWall.001
<Matrix 4x4 (-2.0000, 0.0000,  -0.0084, 0.0000)
            (-0.0000, 2.0000,   0.0000, 0.0000)
            ( 0.0084, 0.0000,  -2.0000, 0.0000)
            ( 5.7052, 2.4455, -11.7587, 1.0000)>
MESH
Bars.004
<Matrix 4x4 (2.0000, 0.0000,  0.0000, 0.0000)
            (0.0000, 2.0000, -0.0000, 0.0000)
            (0.0000, 0.0000,  2.0000, 0.0000)
            (5.8717, 2.0285, -9.4801, 1.0000)>
MESH
Column.001
<Matrix 4x4 ( 1.0000, 0.0000,  0.0000, 0.0000)
            ( 0.0000, 1.0000, -0.0000, 0.0000)
            ( 0.0000, 0.0000,  1.0000, 0.0000)
            (-4.1732, 2.5965, 10.7289, 1.0000)>
MESH
ModularFloor.021
<Matrix 4x4 (2.0000,  0.0000,   0.0000, 0.0000)
            (0.0000,  2.0000,  -0.0000, 0.0000)
            (0.0000,  0.0000,   2.0000, 0.0000)
            (8.1699, -0.0000, -11.9882, 1.0000)>
MESH
ModularFloor.022
<Matrix 4x4 (2.0000,  0.0000,  0.0000, 0.0000)
            (0.0000,  2.0000, -0.0000, 0.0000)
            (0.0000,  0.0000,  2.0000, 0.0000)
            (8.1699, -0.0000, 11.7740, 1.0000)>
MESH
ModularFloor.023
<Matrix 4x4 (2.0000,  0.0000,  0.0000, 0.0000)
            (0.0000,  2.0000, -0.0000, 0.0000)
            (0.0000,  0.0000,  2.0000, 0.0000)
            (8.1699, -0.0000, -7.9492, 1.0000)>
MESH
ModularFloor.024
<Matrix 4x4 (2.0000,  0.0000,  0.0000, 0.0000)
            (0.0000,  2.0000, -0.0000, 0.0000)
            (0.0000,  0.0000,  2.0000, 0.0000)
            (8.1699, -0.0000,  7.8177, 1.0000)>
MESH
ModularFloor.025
<Matrix 4x4 (2.0000,  0.0000,  0.0000, 0.0000)
            (0.0000,  2.0000, -0.0000, 0.0000)
            (0.0000,  0.0000,  2.0000, 0.0000)
            (8.1699, -0.0000, -3.9885, 1.0000)>
MESH
ModularFloor.026
<Matrix 4x4 (2.0000,  0.0000,  0.0000, 0.0000)
            (0.0000,  2.0000, -0.0000, 0.0000)
            (0.0000,  0.0000,  2.0000, 0.0000)
            (8.1699, -0.0000, -0.0667, 1.0000)>
MESH
ModularFloor.027
<Matrix 4x4 (2.0000,  0.0000,  0.0000, 0.0000)
            (0.0000,  2.0000, -0.0000, 0.0000)
            (0.0000,  0.0000,  2.0000, 0.0000)
            (8.1699, -0.0000,  3.8862, 1.0000)>
MESH
Column_Broken2
<Matrix 4x4 (-0.0228, 0.0000, -0.9997, 0.0000)
            (-0.0000, 1.0000,  0.0000, 0.0000)
            ( 0.9997, 0.0000, -0.0228, 0.0000)
            (-3.9646, 1.3094, -2.3035, 1.0000)>
MESH
Rock1
<Matrix 4x4 (1.0000, 0.0000,  0.0000, 0.0000)
            (0.0000, 1.0000, -0.0000, 0.0000)
            (0.0000, 0.0000,  1.0000, 0.0000)
            (4.3162, 0.4629, -5.5637, 1.0000)>
MESH
Torch_wall
<Matrix 4x4 (-1.0000, 0.0000,  -0.0000, 0.0000)
            (-0.0000, 1.0000,   0.0000, 0.0000)
            ( 0.0000, 0.0000,  -1.0000, 0.0000)
            ( 4.6722, 3.0078, -11.8157, 1.0000)>
MESH
Torch_wall.001
<Matrix 4x4 (-1.0000, 0.0000, -0.0000, 0.0000)
            (-0.0000, 1.0000,  0.0000, 0.0000)
            ( 0.0000, 0.0000, -1.0000, 0.0000)
            ( 4.6722, 3.0078, 11.8054, 1.0000)>
POINT
Point
<Matrix 4x4 (1.0000,  0.0000,   0.0000, 0.0000)
            (1.0000,  1.0000,   1.0000, 0.0000)
            (0.0000, -1.0000,   0.0000, 0.0000)
            (4.2205,  4.1153, -11.7796, 1.0000)>
POINT
Point.001
<Matrix 4x4 (1.0000,  0.0000,  0.0000, 0.0000)
            (1.0000,  1.0000,  1.0000, 0.0000)
            (0.0000, -1.0000,  0.0000, 0.0000)
            (4.2205,  4.1153, 11.8377, 1.0000)>
CAMERA
Camera.001
<Matrix 4x4 ( 0.4350,  0.0642, -0.8981, 0.0000)
            ( 0.2649,  0.9442,  0.1958, 0.0000)
            ( 0.8605, -0.3231,  0.3937, 0.0000)
            (42.6595,  8.8335, -6.0558, 1.0000)>
CAMERA
Camera.002
<Matrix 4x4 (0.4350,  0.0642, -0.8981, 0.0000)
            (0.2649,  0.9442,  0.1958, 0.0000)
            (0.8605, -0.3231,  0.3937, 0.0000)
            (3.3922, 27.6416,  0.8665, 1.0000)>
CAMERA
Camera.003
<Matrix 4x4 (0.4350,  0.0642,  -0.8981, 0.0000)
            (0.2649,  0.9442,   0.1958, 0.0000)
            (0.8605, -0.3231,   0.3937, 0.0000)
            (0.4258, 16.6438, -21.4820, 1.0000)>
